	

	     (1)     (2)    (4)

	for(init;condition;inc/dec){

		stmts(3)
	}

1.Write a program to generate numbers from 1 to given number.

num = 20
2
4
6
8
10
12
14
16
18
20


num = 30
3
6
9
12
15
18
21
24
27
30

Write a program to generate a table for the given number.

num = 5

5 x 1 = 5
5 x 2 = 10
5 x 3 = 15
5 x 4 = 20



...
5 x 10 = 50

==================================================================







Write program to generate tables for the given number

num = 5

1 x 1 = 1





1 x 10 = 10
2 x 1 = 2

num = 5

1

1	2

1	2	3

1	2	3	4

1	2	3	4	5
======================================
1

2	2

3	3	3

4	4	4	4	

5	5	5	5	5
====================================
1

2	3

4	5	6

7	8	9	10
11	12	13	14	15
=====================================
1

1	2

1	2	3

1	2	3	4

1	2	3	4	5

1	2	3	4

1	2	3

1	2

1
=========================================
1
2	2
3	3	3
4	4	4	4
5	5	5	5	5
4	4	4	4
1	3	3
2	2	
1
=======================================
1
2	3
4	5	6
7	8	9	10
11	12	13	14	15
16	17	18	19
20	21	22
23	24
25





































































